Rk,Player,Pos,G,GS,MP,FGA,eFG%,FTA,FT%,TRB,AST,STL,BLK,TOV,PF,PTS
1,Alex Abrines\abrinal01,SG,75,8,1134,291,.540,46,.848,114,28,38,8,25,124,353
2,Quincy Acy\acyqu01,PF,70,8,1359,365,.496,60,.817,257,57,33,29,60,149,411
3,Steven Adams\adamsst01,C,76,76,2487,712,.629,286,.559,685,88,92,78,128,215,1056
4,Bam Adebayo\adebaba01,C,69,19,1368,340,.512,179,.721,381,101,32,41,66,138,477
5,Arron Afflalo\afflaar01,SG,53,3,682,162,.485,26,.846,66,30,4,9,21,56,179
6,Cole Aldrich\aldrico01,C,21,0,49,15,.333,6,.333,15,3,2,1,1,11,12
7,LaMarcus Aldridge\aldrila01,C,75,75,2509,1347,.520,399,.837,635,152,43,90,111,161,1735
8,Jarrett Allen\allenja01,C,72,31,1441,397,.596,147,.776,388,49,28,88,82,147,587
9,Kadeem Allen\allenka01,PG,18,1,107,22,.273,9,.778,11,12,3,2,9,15,19
10,Tony Allen\allento01,SF,22,0,273,91,.505,21,.524,47,9,11,3,19,49,103
11,Al-Farouq Aminu\aminual01,PF,69,67,2072,582,.503,80,.738,525,84,79,40,79,136,644
12,Justin Anderson\anderju01,SF,38,0,519,202,.515,38,.737,93,25,15,7,16,54,236
13,Kyle Anderson\anderky01,SF,74,67,1978,438,.549,146,.712,396,202,115,60,94,114,585
14,Ryan Anderson\anderry01,PF,66,50,1725,480,.568,93,.774,331,60,24,21,42,126,617
15,Ike Anigbogu\anigbik01,C,11,0,30,9,.444,6,.833,9,0,1,3,2,1,13
16,Giannis Antetokounmpo\antetgi01,PF,75,75,2756,1402,.545,641,.760,753,361,109,106,223,231,2014
17,Carmelo Anthony\anthoca01,PF,78,78,2501,1168,.476,193,.767,453,103,47,49,99,197,1261
18,OG Anunoby\anunoog01,SF,74,62,1481,346,.577,62,.629,184,55,52,14,45,130,438
19,Ryan Arcidiacono\arcidry01,PG,24,0,304,41,.524,6,.833,25,35,13,0,13,18,48
20,Trevor Ariza\arizatr01,SF,67,67,2269,651,.542,89,.854,294,105,98,13,52,132,782
21,Darrell Arthur\arthuda01,PF,19,1,141,47,.553,3,.667,15,9,8,3,15,22,54
22,Jamel Artis\artisja01,SG,15,1,279,79,.443,12,.583,38,18,2,3,8,11,77
23,Omer Asik\asikom01,C,18,0,182,22,.409,13,.308,47,3,2,4,9,20,22
23,Omer Asik\asikom01,C,14,0,121,16,.438,12,.333,37,2,1,2,5,14,18
23,Omer Asik\asikom01,C,4,0,61,6,.333,1,.000,10,1,1,2,4,6,4
24,D.J. Augustin\augusdj01,PG,75,36,1760,540,.557,189,.868,160,287,54,0,123,94,766
25,Luke Babbitt\babbilu01,SF,50,14,715,215,.563,22,.773,96,31,8,7,19,54,259
25,Luke Babbitt\babbilu01,SF,37,9,570,168,.622,22,.773,81,26,7,5,15,47,226
25,Luke Babbitt\babbilu01,SF,13,5,145,47,.351,0,,15,5,1,2,4,7,33
26,Dwayne Bacon\bacondw01,SG,53,6,713,192,.404,25,.800,124,38,16,2,23,46,175
27,Ron Baker\bakerro01,SG,29,1,385,59,.432,26,.769,30,47,26,6,18,33,71
28,Wade Baldwin\baldwwa01,PG,7,0,80,21,.762,10,.600,8,5,2,1,4,12,38
29,Lonzo Ball\balllo01,PG,52,50,1780,564,.440,71,.451,360,376,88,43,136,117,528
30,J.J. Barea\bareajo01,PG,69,10,1603,690,.522,102,.784,201,434,35,3,143,83,801
31,Harrison Barnes\barneha02,PF,77,77,2634,1208,.494,313,.827,468,152,49,14,118,94,1452
32,Will Barton\bartowi01,SG,81,40,2683,1028,.528,226,.805,409,331,82,52,149,168,1268
33,Nicolas Batum\batumni01,SG,64,64,1981,650,.486,130,.831,306,349,65,23,131,72,740
34,Jerryd Bayless\bayleje01,SG,39,11,925,262,.519,44,.795,80,54,23,6,46,91,307
35,Aron Baynes\baynear01,C,81,67,1485,446,.474,78,.756,434,93,22,51,80,200,482
36,Kent Bazemore\bazemke01,SG,65,65,1789,676,.500,201,.796,248,228,100,45,157,147,836
37,Bradley Beal\bealbr01,SG,82,82,2977,1484,.527,369,.791,363,373,96,36,214,160,1857
38,Malik Beasley\beaslma01,SG,62,0,583,178,.489,33,.667,71,31,15,7,24,36,196
39,Michael Beasley\beaslmi01,PF,74,30,1653,807,.528,159,.780,414,123,36,43,143,145,976
40,Marco Belinelli\belinma01,SG,80,2,1947,764,.539,163,.908,151,148,66,12,94,91,971
40,Marco Belinelli\belinma01,SG,52,1,1210,485,.505,109,.927,100,103,46,3,54,41,591
40,Marco Belinelli\belinma01,SG,28,1,737,279,.597,54,.870,51,45,20,9,40,50,380
41,Jordan Bell\belljo01,C,57,13,809,185,.627,44,.682,207,102,35,56,51,92,262
42,DeAndre' Bembry\bembrde01,SF,26,3,455,128,.457,33,.576,72,49,21,12,47,38,136
43,Dragan Bender\bendedr01,PF,82,37,2069,484,.508,51,.765,361,130,22,53,112,166,531
44,Davis Bertans\bertada01,PF,77,10,1086,366,.568,49,.816,153,74,26,28,36,93,456
45,Patrick Beverley\beverpa01,SG,11,11,334,119,.504,17,.824,45,32,19,5,25,34,134
46,Khem Birch\birchkh01,C,42,0,578,126,.540,61,.689,180,34,15,21,21,56,178
47,Jabari Bird\birdja01,SG,13,1,115,26,.635,13,.462,19,8,3,1,8,7,39
48,Bismack Biyombo\biyombi01,C,82,25,1495,352,.520,157,.650,468,66,21,95,84,158,468
49,Nemanja Bjelica\bjeline01,PF,67,21,1371,371,.563,45,.800,274,86,50,16,52,141,454
50,Tarik Black\blackta01,C,51,2,536,127,.594,63,.460,163,13,21,30,35,107,180
51,Antonio Blakeney\blakean01,SG,19,0,314,143,.423,39,.769,33,20,7,1,11,19,151
52,Eric Bledsoe\bledser01,PG,74,74,2322,989,.536,317,.795,284,370,149,42,216,185,1313
52,Eric Bledsoe\bledser01,PG,3,3,83,40,.450,14,.786,7,9,4,2,10,6,47
52,Eric Bledsoe\bledser01,PG,71,71,2239,949,.540,303,.795,277,361,145,40,206,179,1266
53,Vander Blue\blueva01,SG,5,0,45,5,.200,2,.500,1,3,1,0,3,2,3
54,Bogdan Bogdanovic\bogdabo01,SG,78,53,2175,772,.529,119,.840,223,258,72,16,125,172,917
55,Bojan Bogdanovic\bogdabo02,SF,80,80,2464,852,.565,205,.868,270,119,55,8,106,129,1141
56,Andrew Bogut\bogutan01,C,23,5,216,25,.680,2,1.000,78,15,4,13,19,40,36
57,Joel Bolomboy\bolomjo01,PF,6,0,38,6,.500,6,.500,10,0,2,0,2,3,9
58,Devin Booker\bookede01,SG,54,54,1865,1054,.501,329,.878,244,253,47,14,194,168,1346
59,Trevor Booker\booketr01,PF,68,7,1158,343,.528,93,.710,318,82,28,21,59,119,428
59,Trevor Booker\booketr01,PF,18,6,395,150,.523,43,.558,119,38,8,5,30,43,181
59,Trevor Booker\booketr01,PF,33,0,494,109,.569,39,.821,122,27,16,11,20,50,156
59,Trevor Booker\booketr01,PF,17,1,269,84,.482,11,.909,77,17,4,5,9,26,91
60,Chris Boucher\bouchch01,PF,1,0,1,1,.000,0,,1,0,0,0,0,0,0
61,Avery Bradley\bradlav01,SG,46,46,1433,625,.474,82,.768,116,94,51,8,101,92,656
61,Avery Bradley\bradlav01,SG,40,40,1268,570,.474,80,.763,94,83,46,7,93,80,601
61,Avery Bradley\bradlav01,SG,6,6,165,55,.482,2,1.000,22,11,5,1,8,12,55
62,Tony Bradley\bradlto01,C,9,0,29,11,.273,2,1.000,11,1,0,0,0,1,8
63,Corey Brewer\breweco01,SF-SG,72,18,1208,316,.498,90,.722,154,65,79,14,49,139,380
63,Corey Brewer\breweco01,SF,54,2,694,172,.477,51,.667,93,41,41,8,38,83,198
63,Corey Brewer\breweco01,SG,18,16,514,144,.524,39,.795,61,24,38,6,11,56,182
64,Malcolm Brogdon\brogdma01,PG,48,20,1436,503,.547,85,.882,156,152,41,13,66,128,625
65,Aaron Brooks\brookaa01,PG,32,1,189,69,.486,11,.727,17,20,6,0,11,28,75
66,Dillon Brooks\brookdi01,SF,82,74,2350,772,.501,166,.747,257,135,73,17,124,233,898
67,MarShon Brooks\brookma01,SG,7,1,193,102,.593,23,.870,21,25,11,3,16,6,141
68,Anthony Brown\brownan02,SF,1,0,4,1,1.500,0,,0,1,0,0,0,0,3
69,Bobby Brown\brownbo02,PG,20,0,115,58,.422,2,.500,7,11,4,0,9,6,50
70,Jaylen Brown\brownja02,SG,70,70,2152,803,.540,233,.644,346,114,70,26,124,181,1017
71,Lorenzo Brown\brownlo01,PG,14,0,139,34,.441,2,1.000,15,13,5,0,3,7,32
72,Markel Brown\brownma02,SG,4,0,31,7,.357,0,,5,2,0,0,2,6,5
73,Sterling Brown\brownst02,SG,54,4,776,205,.478,24,.875,143,25,31,13,25,80,217
74,Nicolas Brussino\brussni01,SF,4,0,10,2,.000,0,,3,0,0,0,0,0,0
75,Thomas Bryant\bryanth01,C,15,0,72,21,.405,9,.556,17,6,1,2,2,6,22
76,Reggie Bullock\bullore01,SF,62,52,1732,546,.603,49,.796,154,95,47,13,47,70,698
77,Trey Burke\burketr01,PG,36,9,785,384,.552,57,.649,71,170,24,4,43,43,461
78,Alec Burks\burksal01,SG,64,1,1059,414,.467,124,.863,192,67,37,8,60,75,494
79,Jimmy Butler\butleji01,SG,59,59,2164,921,.512,425,.854,314,288,116,24,108,78,1307
80,Dwight Buycks\buyckdw01,PG,29,0,427,198,.452,41,.878,41,59,19,2,39,39,215
81,Bruno Caboclo\cabocbr01,SF,12,0,107,31,.339,6,.833,22,4,3,4,4,8,26
81,Bruno Caboclo\cabocbr01,SF,2,0,7,2,.000,0,,1,1,1,0,0,1,0
81,Bruno Caboclo\cabocbr01,SF,10,0,100,29,.362,6,.833,21,3,2,4,4,7,26
82,Jose Calderon\caldejo01,PG,57,32,914,185,.624,30,.800,84,117,27,2,41,81,255
83,Kentavious Caldwell-Pope\caldwke01,SG,74,74,2458,798,.526,194,.789,387,162,106,16,97,145,992
84,Isaiah Canaan\canaais01,PG-SG,20,1,422,137,.460,51,.902,45,76,16,1,29,36,172
84,Isaiah Canaan\canaais01,SG,1,0,4,1,.000,0,,1,0,0,0,0,0,0
84,Isaiah Canaan\canaais01,PG,19,1,418,136,.463,51,.902,44,76,16,1,29,36,172
85,Clint Capela\capelca01,C,74,74,2034,676,.652,257,.560,802,68,58,137,103,185,1026
86,DeMarre Carroll\carrode01,SF,73,73,2180,785,.506,246,.764,479,147,59,30,103,165,983
87,Vince Carter\cartevi01,SF,58,5,1026,283,.504,37,.757,148,69,42,26,36,96,313
88,Michael Carter-Williams\cartemi01,PG,52,2,835,229,.362,89,.820,138,116,44,23,52,99,239
89,Alex Caruso\carusal01,PG,37,7,562,116,.487,30,.700,65,75,23,10,42,52,134
90,Omri Casspi\casspom01,SF,53,7,740,207,.604,69,.725,200,51,18,19,37,71,300
91,Willie Cauley-Stein\caulewi01,C,73,58,2044,773,.504,247,.619,510,172,77,67,109,185,932
92,Tyler Cavanaugh\cavanty01,PF,39,1,518,152,.546,21,.810,127,27,9,4,14,61,183
93,Mario Chalmers\chalmma01,PG,66,10,1421,443,.439,138,.855,157,197,79,14,117,179,507
94,Tyson Chandler\chandty01,C,46,46,1151,187,.647,93,.624,418,53,16,27,59,106,300
95,Wilson Chandler\chandwi01,SF,74,71,2346,631,.515,114,.772,398,159,43,39,92,156,738
96,Marquese Chriss\chrisma01,PF,72,49,1527,477,.482,158,.608,395,83,51,70,107,205,556
97,Ian Clark\clarkia01,SG,74,2,1455,495,.511,59,.763,127,110,33,10,57,120,551
98,Jordan Clarkson\clarkjo01,SG,81,2,1888,954,.509,190,.800,217,221,58,6,127,107,1124
98,Jordan Clarkson\clarkjo01,SG,53,2,1256,667,.499,132,.795,159,173,39,3,95,63,771
98,Jordan Clarkson\clarkjo01,SG,28,0,632,287,.533,58,.810,58,48,19,3,32,44,353
99,Gian Clavell\clavegi01,SG,7,0,64,18,.500,2,1.000,7,3,2,0,2,8,20
100,Antonius Cleveland\clevean01,SG,17,0,123,21,.452,6,.667,14,2,7,5,7,23,23
100,Antonius Cleveland\clevean01,SG,13,0,81,14,.286,4,.500,10,2,6,4,2,11,10
100,Antonius Cleveland\clevean01,SG,4,0,42,7,.786,2,1.000,4,0,1,1,5,12,13
101,John Collins\collijo01,PF,74,26,1785,545,.591,186,.715,541,98,47,80,105,215,777
102,Zach Collins\colliza01,C,66,1,1045,289,.458,42,.643,221,52,17,31,58,133,292
103,Kyle Collinsworth\colliky01,SF,32,2,480,99,.404,40,.525,107,56,17,9,24,44,101
104,Darren Collison\collida01,PG,69,64,2018,638,.571,144,.882,178,368,92,15,86,122,855
105,Nick Collison\collini01,PF,15,0,75,19,.684,13,.385,20,4,0,0,7,7,31
106,Mike Conley\conlemi01,PG,12,12,373,168,.452,66,.803,27,49,12,3,18,24,205
107,Pat Connaughton\connapa01,SG,82,5,1488,390,.518,44,.841,161,91,23,22,43,120,441
108,Quinn Cook\cookqu01,PG,33,18,740,252,.575,25,.880,82,89,12,1,32,59,312
109,Charles Cooke\cookech01,SG,13,0,38,14,.179,2,.500,2,1,1,0,1,0,6
110,Jack Cooley\cooleja01,PF,7,0,87,27,.481,19,.737,30,6,1,0,3,13,40
111,Matt Costello\costema01,C,4,0,32,4,.500,0,,9,2,2,2,1,7,4
112,DeMarcus Cousins\couside01,C,48,48,1737,864,.530,394,.746,617,257,79,76,242,183,1210
113,Robert Covington\covinro01,SF,80,80,2532,836,.534,136,.853,433,156,137,72,126,238,1009
114,Allen Crabbe\crabbal01,SG,75,68,2197,827,.529,135,.852,324,117,47,35,78,168,990
115,Torrey Craig\craigto01,SF,39,5,629,137,.515,35,.629,127,25,12,15,20,63,163
116,Jamal Crawford\crawfja01,SG,80,0,1653,742,.485,113,.903,99,185,40,9,95,85,822
117,Jordan Crawford\crawfjo02,SG,5,0,53,27,.593,1,1.000,4,13,1,1,5,7,33
118,Jae Crowder\crowdja01,SF,80,47,2090,671,.486,148,.818,275,99,64,21,74,187,773
118,Jae Crowder\crowdja01,SF,53,47,1346,376,.500,92,.848,173,58,41,12,42,124,454
118,Jae Crowder\crowdja01,SF,27,0,744,295,.468,56,.768,102,41,23,9,32,63,319
119,Dante Cunningham\cunnida01,SF,73,25,1562,364,.530,52,.596,298,48,39,30,33,111,417
119,Dante Cunningham\cunnida01,SF,51,24,1115,225,.518,36,.556,193,26,27,16,16,75,253
119,Dante Cunningham\cunnida01,SF,22,1,447,139,.550,16,.688,105,22,12,14,17,36,164
120,Stephen Curry\curryst01,PG,51,51,1631,864,.618,302,.921,261,310,80,8,153,114,1346
121,Troy Daniels\danietr01,SG,79,15,1622,575,.563,64,.875,127,48,26,5,56,137,703
122,Anthony Davis\davisan02,PF,75,75,2727,1462,.552,598,.828,832,174,115,193,162,159,2110
123,Deyonta Davis\davisde01,C,62,6,943,265,.608,57,.667,250,40,15,39,32,125,360
124,Ed Davis\davised01,C,78,0,1471,292,.582,111,.667,575,40,32,52,66,188,414
125,Dewayne Dedmon\dedmode01,C,62,46,1542,477,.577,86,.779,489,90,40,51,86,162,617
126,Sam Dekker\dekkesa01,PF,73,1,883,259,.514,56,.661,174,38,24,9,33,71,303
127,Malcolm Delaney\delanma01,PG,54,3,1014,285,.463,92,.804,100,163,35,6,66,82,338
128,Matthew Dellavedova\dellama01,PG,38,3,712,152,.457,27,.926,64,145,14,0,49,67,164
129,Luol Deng\denglu01,SF,1,1,13,2,.500,0,,0,1,1,0,1,0,2
130,DeMar DeRozan\derozde01,SG,80,80,2711,1413,.488,559,.825,315,417,85,22,175,151,1840
131,Cheick Diallo\diallch01,PF,52,0,581,176,.580,66,.758,211,19,11,21,28,82,254
132,Gorgui Dieng\dienggo01,C,79,0,1333,388,.504,102,.775,360,71,45,39,59,147,470
133,Spencer Dinwiddie\dinwisp01,PG,80,58,2306,838,.471,268,.813,259,524,68,23,128,186,1007
134,Tyler Dorsey\dorsety01,SG,56,5,974,382,.471,63,.714,130,79,17,5,37,63,405
135,Damyean Dotson\dotsoda01,SG,44,2,474,161,.516,23,.696,84,31,12,2,17,34,182
136,Milton Doyle\doylemi01,SG,10,0,125,47,.319,8,.500,18,10,6,2,2,13,34
137,PJ Dozier\doziepj01,PG,2,0,3,2,.500,0,,1,0,0,0,1,1,2
138,Goran Dragic\dragigo01,PG,75,75,2378,1075,.502,271,.801,307,359,63,12,166,180,1296
139,Larry Drew\drewla02,PG,10,0,70,24,.354,0,,3,10,0,0,3,6,17
139,Larry Drew\drewla02,PG,3,0,15,7,.143,0,,1,2,0,0,1,2,2
139,Larry Drew\drewla02,PG,7,0,55,17,.441,0,,2,8,0,0,2,4,15
140,Andre Drummond\drumman01,C,78,78,2625,881,.529,395,.605,1247,237,114,127,200,250,1171
141,Jared Dudley\dudleja01,PF,48,0,686,122,.512,35,.771,94,78,24,11,28,85,152
142,Kris Dunn\dunnkr01,PG,52,43,1525,666,.462,114,.737,221,310,104,27,150,174,699
143,Kevin Durant\duranke01,PF,68,68,2325,1222,.586,404,.889,464,366,50,119,207,133,1792
144,Jarell Eddie\eddieja01,SF,3,0,9,2,.000,0,,1,0,1,0,0,0,0
144,Jarell Eddie\eddieja01,SF,2,0,6,1,.000,0,,1,0,1,0,0,0,0
144,Jarell Eddie\eddieja01,SF,1,0,3,1,.000,0,,0,0,0,0,0,0,0
145,Henry Ellenson\ellenhe01,PF,38,0,329,146,.432,29,.862,81,20,5,0,18,22,151
146,Wayne Ellington\ellinwa01,SG,77,2,2041,700,.569,78,.859,218,79,53,8,52,94,864
147,Joel Embiid\embiijo01,C,63,63,1912,1056,.514,467,.769,690,199,40,111,234,209,1445
148,James Ennis\ennisja01,SF,72,22,1604,384,.540,116,.836,224,71,47,18,56,134,512
148,James Ennis\ennisja01,SF,45,14,1053,222,.554,73,.877,157,49,32,12,38,81,310
148,James Ennis\ennisja01,SF,27,8,551,162,.522,43,.767,67,22,15,6,18,53,202
149,Tyler Ennis\ennisty01,PG,54,11,683,224,.451,29,.759,95,105,30,10,38,75,224
150,Jawun Evans\evansja01,PG,48,4,778,253,.381,49,.776,84,100,36,6,44,97,231
151,Jeremy Evans\evansje01,SF,1,0,5,1,1.000,0,,1,0,0,0,1,1,2
152,Tyreke Evans\evansty01,PG,52,32,1607,809,.523,209,.785,265,269,57,17,117,96,1010
153,Dante Exum\exumda01,PG,14,0,235,87,.511,31,.806,26,43,8,3,20,20,114
154,Kenneth Faried\farieke01,PF,32,7,461,148,.514,51,.706,153,18,12,13,23,51,188
155,Derrick Favors\favorde01,C,77,77,2153,702,.573,215,.651,552,102,54,82,88,164,944
156,Kay Felder\feldeka01,PG,16,0,140,70,.329,12,.917,18,20,3,1,16,11,57
156,Kay Felder\feldeka01,PG,14,0,134,66,.333,12,.917,14,20,3,1,15,11,55
156,Kay Felder\feldeka01,PG,2,0,6,4,.250,0,,4,0,0,0,1,0,2
157,Cristiano Felicio\feliccr01,C,55,16,977,215,.591,81,.667,233,55,16,11,54,104,308
158,Raymond Felton\feltora01,PG,82,2,1365,552,.479,44,.818,156,203,49,16,76,91,565
159,Terrance Ferguson\fergute01,SG,61,12,763,169,.533,10,.900,47,19,24,10,11,83,189
160,Yogi Ferrell\ferreyo01,SG,82,21,2282,730,.518,103,.796,249,201,64,9,78,153,838
161,Dorian Finney-Smith\finnedo01,PF,21,13,448,121,.463,15,.733,75,26,10,4,21,43,123
162,Bryn Forbes\forbebr01,SG,80,12,1517,497,.510,72,.667,110,80,28,2,37,108,555
163,Evan Fournier\fournev01,SF,57,57,1837,802,.538,173,.867,180,165,47,16,95,138,1013
164,De'Aaron Fox\foxde01,PG,73,60,2026,797,.441,195,.723,204,320,70,20,173,163,844
165,Tim Frazier\fraziti01,PG,59,11,838,172,.445,30,.767,115,194,47,7,57,97,176
166,Channing Frye\fryech01,C,53,1,695,212,.583,19,.895,135,38,18,13,21,69,264
166,Channing Frye\fryech01,C,44,1,545,169,.586,15,.933,110,28,17,12,17,54,212
166,Channing Frye\fryech01,C,9,0,150,43,.570,4,.750,25,10,1,1,4,15,52
167,Markelle Fultz\fultzma01,SG,14,0,253,111,.405,21,.476,43,53,12,4,17,22,100
168,Danilo Gallinari\gallida01,SF,21,21,671,256,.469,87,.931,101,41,12,10,26,30,321
169,Langston Galloway\gallola01,SG,58,2,863,340,.481,41,.805,92,58,35,5,18,39,360
170,Marc Gasol\gasolma01,C,73,73,2408,1033,.473,337,.834,592,305,54,101,194,185,1258
171,Pau Gasol\gasolpa01,C,77,63,1812,627,.492,209,.756,619,238,24,79,108,121,775
172,Rudy Gay\gayru01,PF,57,6,1231,537,.506,145,.772,291,73,46,38,78,98,655
173,Paul George\georgpa01,SF,79,79,2891,1340,.521,411,.822,447,263,161,39,212,233,1734
174,Marcus Georges-Hunt\georgma01,SG,42,0,224,48,.479,21,.619,16,7,6,0,3,32,59
175,Jonathan Gibson\gibsojo01,PG,4,0,40,23,.739,0,,3,4,0,0,3,5,34
176,Taj Gibson\gibsota01,PF,82,82,2726,737,.581,185,.768,584,99,62,59,89,218,999
177,Manu Ginobili\ginobma01,SG,65,0,1299,463,.503,131,.840,142,163,43,16,105,126,576
178,Rudy Gobert\goberru01,C,56,56,1816,444,.622,299,.682,601,80,44,129,107,153,756
179,Aaron Gordon\gordoaa01,PF,58,57,1909,865,.500,225,.698,457,136,59,45,107,111,1022
180,Eric Gordon\gordoer01,SG,69,30,2154,970,.540,241,.809,170,154,44,27,130,116,1243
181,Marcin Gortat\gortama01,C,82,82,2075,560,.518,163,.675,623,151,40,61,99,175,690
182,Treveon Graham\grahatr01,SG,63,2,1050,221,.525,59,.695,121,59,33,2,27,109,273
183,Jerami Grant\grantje01,PF,81,1,1647,456,.570,240,.675,319,57,31,77,54,155,682
184,Jerian Grant\grantje02,PG,74,26,1686,503,.476,188,.745,172,342,63,8,89,132,619
185,Josh Gray\grayjo01,PG,5,0,86,41,.305,11,.636,10,12,8,2,7,8,32
186,Danny Green\greenda02,SG,70,60,1791,561,.490,65,.769,249,110,63,80,74,122,600
187,Draymond Green\greendr01,PF,70,70,2287,619,.516,173,.775,535,508,95,91,202,185,773
188,Gerald Green\greenge01,SG,41,2,929,413,.540,60,.850,133,25,24,15,31,87,497
189,JaMychal Green\greenja01,PF,55,54,1542,488,.501,111,.721,464,79,32,25,76,153,569
190,Jeff Green\greenje02,PF,78,13,1828,618,.520,234,.868,246,99,41,34,75,149,846
191,Blake Griffin\griffbl01,PF,58,58,1970,996,.493,330,.785,428,334,41,18,165,139,1242
191,Blake Griffin\griffbl01,PF,33,33,1139,578,.497,219,.785,262,179,30,9,99,78,746
191,Blake Griffin\griffbl01,PF,25,25,831,418,.489,111,.784,166,155,11,9,66,61,496
192,Daniel Hamilton\hamilda02,SG,6,0,28,11,.545,0,,5,8,1,0,2,2,12
193,Tim Hardaway\hardati02,SG,57,54,1885,856,.496,179,.816,224,155,62,10,92,123,996
194,James Harden\hardeja01,SG,72,72,2551,1449,.541,727,.858,389,630,126,50,315,169,2191
195,Maurice Harkless\harklma01,SF,59,36,1264,297,.577,59,.712,162,53,48,43,40,103,385
196,Montrezl Harrell\harremo01,C,76,3,1293,548,.636,222,.626,306,74,36,52,68,143,836
197,Devin Harris\harride01,PG,71,1,1340,454,.499,170,.835,127,152,47,12,76,158,595
197,Devin Harris\harride01,PG,44,1,807,284,.493,112,.830,85,85,33,8,49,103,373
197,Devin Harris\harride01,PG,27,0,533,170,.509,58,.845,42,67,14,4,27,55,222
198,Gary Harris\harriga01,SG,67,65,2304,908,.570,162,.827,176,194,122,15,119,119,1170
199,Joe Harris\harrijo01,SG,78,14,1975,621,.612,104,.827,260,128,35,20,91,153,846
200,Tobias Harris\harrito02,PF,80,80,2668,1221,.535,216,.829,437,192,71,35,105,164,1486
200,Tobias Harris\harrito02,PF,48,48,1563,709,.531,136,.846,244,94,34,15,51,91,868
200,Tobias Harris\harrito02,PF,32,32,1105,512,.541,80,.800,193,98,37,20,54,73,618
201,Aaron Harrison\harriaa01,SG,9,3,233,69,.341,17,.765,24,11,9,2,3,27,60
202,Andrew Harrison\harrian01,PG,56,46,1326,429,.477,159,.780,131,177,38,26,81,138,533
203,Shaquille Harrison\harrish01,PG,23,2,384,124,.500,38,.737,61,55,26,7,22,42,152
204,Josh Hart\hartjo01,SG,63,23,1461,375,.573,94,.702,263,80,47,16,47,107,496
205,Udonis Haslem\hasleud01,C,14,0,72,15,.233,2,.500,10,5,0,2,2,3,8
206,Nigel Hayes\hayesni01,SF,9,0,122,33,.394,3,.333,22,6,2,3,2,8,27
206,Nigel Hayes\hayesni01,SF,2,0,11,3,.333,1,1.000,0,2,0,0,0,0,3
206,Nigel Hayes\hayesni01,SF,2,0,6,2,1.500,0,,0,0,0,0,1,0,6
206,Nigel Hayes\hayesni01,SF,5,0,105,28,.321,2,.000,22,4,2,3,1,8,18
207,Gordon Hayward\haywago01,SF,1,1,5,2,.500,0,,1,0,0,0,0,1,2
208,Reggie Hearn\hearnre01,SG,3,0,7,2,.750,0,,0,0,0,0,0,0,3
209,Myke Henry\henrymy01,SF,20,0,378,109,.463,10,.600,38,22,31,6,19,28,107
210,John Henson\hensojo01,C,76,69,1970,502,.573,158,.570,513,114,45,109,84,202,665
211,Juan Hernangomez\hernaju01,PF,25,3,277,75,.480,12,.833,54,12,6,3,9,25,82
212,Willy Hernangomez\hernawi01,C,48,1,495,164,.570,90,.656,183,33,18,16,35,64,246
212,Willy Hernangomez\hernawi01,C,26,0,233,81,.611,28,.429,67,21,8,7,26,32,111
212,Willy Hernangomez\hernawi01,C,22,1,262,83,.530,62,.758,116,12,10,9,9,32,135
213,Mario Hezonja\hezonma01,SF,75,30,1657,617,.515,105,.819,281,106,81,31,86,134,722
214,Isaiah Hicks\hicksis01,PF,18,0,240,72,.472,18,.667,41,16,2,4,16,45,80
215,Buddy Hield\hieldbu01,SG,80,12,2024,933,.540,81,.877,307,155,85,22,124,148,1079
216,Nene Hilario\hilarne01,C,52,4,758,239,.569,107,.636,176,45,28,14,38,123,340
217,George Hill\hillge01,PG,67,60,1812,513,.543,140,.786,181,186,61,27,88,128,667
217,George Hill\hillge01,PG,43,36,1143,326,.558,99,.778,117,119,39,12,60,75,441
217,George Hill\hillge01,PG,24,24,669,187,.516,41,.805,64,67,22,15,28,53,226
218,Solomon Hill\hillso01,SF,12,1,187,41,.317,6,.500,36,22,7,1,9,22,29
219,Darrun Hilliard\hillida01,SG,14,0,95,19,.263,7,.857,7,11,2,0,4,7,16
220,Jrue Holiday\holidjr01,SG,81,81,2927,1244,.543,238,.786,365,486,123,64,213,201,1537
221,Justin Holiday\holidju01,SG,72,72,2265,782,.474,164,.823,291,153,80,31,93,134,876
222,John Holland\hollajo02,SF,24,0,174,59,.381,13,.692,24,5,7,2,8,10,54
223,Rondae Hollis-Jefferson\holliro01,SF,68,59,1920,724,.481,316,.788,459,167,65,48,121,145,946
224,Richaun Holmes\holmeri01,C,48,2,746,241,.568,56,.661,211,61,20,29,25,97,311
225,Rodney Hood\hoodro01,SG,60,23,1616,751,.513,129,.860,165,95,45,12,70,105,882
225,Rodney Hood\hoodro01,SG,39,12,1084,552,.516,97,.876,111,65,30,7,63,64,655
225,Rodney Hood\hoodro01,SG,21,11,532,199,.505,32,.813,54,30,15,5,7,41,227
226,Scotty Hopson\hopsosc01,SG,1,0,8,1,.000,2,.500,0,1,0,0,1,0,1
227,Al Horford\horfoal01,C,72,72,2277,753,.553,120,.783,530,339,43,78,132,138,927
228,Danuel House\houseda01,SG,23,3,403,129,.492,31,.806,76,25,7,6,11,23,152
229,Dwight Howard\howardw01,C,81,81,2463,911,.556,582,.574,1012,105,48,131,208,249,1347
230,Josh Huestis\huestjo01,PF,69,10,982,182,.420,20,.300,161,20,15,43,26,82,159
231,R.J. Hunter\hunterj01,SG,5,1,45,20,.425,2,1.000,5,3,3,0,2,7,19
232,Vince Hunter\huntevi01,PF,4,0,7,5,.600,0,,3,0,0,1,1,0,6
233,Serge Ibaka\ibakase01,PF,76,76,2093,784,.552,118,.797,478,62,29,99,90,209,959
234,Andre Iguodala\iguodan01,SF,64,7,1622,320,.514,87,.632,246,210,54,38,67,99,384
235,Ersan Ilyasova\ilyaser01,PF,69,43,1729,613,.526,135,.778,405,90,61,26,72,157,750
235,Ersan Ilyasova\ilyaser01,PF,46,40,1175,401,.535,90,.800,251,51,44,17,43,92,501
235,Ersan Ilyasova\ilyaser01,PF,23,3,554,212,.509,45,.733,154,39,17,9,29,65,249
236,Joe Ingles\inglejo01,SF,82,81,2578,718,.609,83,.795,344,392,90,20,159,178,940
237,Andre Ingram\ingraan01,SG,2,0,64,17,.618,3,1.000,6,7,3,3,3,3,24
238,Brandon Ingram\ingrabr01,SF,59,59,1975,761,.497,282,.681,314,230,45,43,149,163,949
239,Kyrie Irving\irvinky01,PG,60,60,1931,1087,.568,261,.889,227,306,65,17,140,122,1466
240,Jonathan Isaac\isaacjo01,PF,27,10,536,145,.434,25,.760,99,18,33,30,27,48,145
241,Wesley Iwundu\iwundwe01,SF,62,12,1020,218,.447,47,.723,137,57,33,12,30,81,229
242,Jarrett Jack\jackja01,PG,62,56,1548,443,.455,75,.840,191,348,35,4,115,98,466
243,Aaron Jackson\jacksaa01,PG,1,0,35,9,.389,2,.500,3,1,0,0,1,4,8
244,Demetrius Jackson\jacksde01,PG,15,0,80,18,.417,2,.500,12,9,5,1,10,7,16
244,Demetrius Jackson\jacksde01,PG,12,0,63,14,.286,0,,11,5,4,1,9,6,8
244,Demetrius Jackson\jacksde01,PG,3,0,17,4,.875,2,.500,1,4,1,0,1,1,8
245,Josh Jackson\jacksjo02,SF,77,35,1959,932,.448,279,.634,351,119,80,35,146,218,1012
246,Justin Jackson\jacksju01,SF,68,41,1506,419,.510,36,.722,187,74,28,13,40,81,453
247,Reggie Jackson\jacksre01,PG,45,45,1201,577,.471,134,.836,125,238,27,4,99,87,656
248,LeBron James\jamesle01,PF,82,82,3026,1580,.590,531,.731,709,747,116,71,347,136,2251
249,Mike James\jamesmi02,PG,36,10,687,321,.424,84,.762,90,126,28,7,49,48,336
249,Mike James\jamesmi02,PG,32,10,669,312,.429,84,.762,89,120,27,7,48,45,332
249,Mike James\jamesmi02,PG,4,0,18,9,.222,0,,1,6,1,0,1,3,4
250,Al Jefferson\jeffeal01,C,36,1,484,208,.534,36,.833,143,30,16,23,21,66,252
251,Richard Jefferson\jefferi01,SF,20,0,163,27,.481,7,.571,17,15,2,1,5,11,30
252,Brandon Jennings\jennibr01,PG,14,0,205,72,.438,10,1.000,31,44,6,4,18,11,73
253,Jonas Jerebko\jerebjo01,PF,74,19,1134,341,.562,57,.807,246,42,24,12,27,127,429
254,Amir Johnson\johnsam01,C,74,18,1171,260,.558,85,.612,330,118,45,44,55,192,342
255,Brice Johnson\johnsbr02,PF,18,0,98,42,.476,5,.600,31,2,9,6,5,13,43
255,Brice Johnson\johnsbr02,PF,9,0,38,11,.636,2,1.000,13,1,6,2,4,7,16
255,Brice Johnson\johnsbr02,PF,9,0,60,31,.419,3,.333,18,1,3,4,1,6,27
256,Dakari Johnson\johnsda04,C,31,6,161,39,.564,20,.550,34,8,6,8,3,27,55
257,James Johnson\johnsja01,PF,73,41,1943,614,.550,162,.698,358,280,70,51,141,192,788
258,Joe Johnson\johnsjo02,SF,55,4,1205,360,.461,45,.889,172,83,18,7,49,67,372
258,Joe Johnson\johnsjo02,SF,32,3,700,226,.471,24,.833,107,45,12,6,31,32,233
258,Joe Johnson\johnsjo02,SF,23,1,505,134,.444,21,.952,65,38,6,1,18,35,139
259,Omari Johnson\johnsom01,PF,4,0,75,21,.524,0,,11,7,2,0,3,6,22
260,Stanley Johnson\johnsst04,SF,69,50,1894,560,.435,145,.772,252,112,95,14,77,169,599
261,Tyler Johnson\johnsty01,PG,72,39,2052,711,.518,129,.822,248,165,60,34,81,148,843
262,Wesley Johnson\johnswe01,SF,74,40,1486,368,.489,58,.741,216,61,76,62,55,146,403
263,Nikola Jokic\jokicni01,C,75,73,2443,1010,.554,313,.850,803,458,90,61,210,212,1385
264,Damian Jones\jonesda03,C,15,0,89,22,.500,5,.600,14,2,1,3,4,14,25
265,Derrick Jones\jonesde02,SF,20,8,245,53,.425,24,.667,38,9,4,13,7,24,61
265,Derrick Jones\jonesde02,SF,6,0,33,4,.500,6,.833,4,3,1,4,1,2,9
265,Derrick Jones\jonesde02,SF,14,8,212,49,.418,18,.611,34,6,3,9,6,22,52
266,Jalen Jones\jonesja04,SF,16,0,181,68,.456,19,.632,38,4,5,1,7,22,74
266,Jalen Jones\jonesja04,SF,4,0,19,4,.375,2,1.000,3,0,0,0,0,2,5
266,Jalen Jones\jonesja04,SF,12,0,162,64,.461,17,.588,35,4,5,1,7,20,69
267,Tyus Jones\jonesty01,PG,82,11,1467,328,.526,81,.877,132,232,95,6,59,110,416
268,DeAndre Jordan\jordade01,C,77,77,2424,578,.645,312,.580,1171,117,39,71,137,203,927
269,Cory Joseph\josepco01,PG,82,17,2210,604,.479,94,.745,263,260,80,18,87,141,649
270,Frank Kaminsky\kaminfr01,PF,79,4,1835,716,.501,194,.799,288,129,36,19,66,95,873
271,Enes Kanter\kanteen01,C,71,71,1830,713,.592,184,.848,780,105,36,37,122,187,1000
272,Luke Kennard\kennalu01,SG,73,9,1463,465,.530,76,.855,176,124,44,13,69,86,558
273,Michael Kidd-Gilchrist\kiddgmi01,SF,74,74,1850,560,.504,171,.684,302,71,51,32,53,143,681
274,Sean Kilpatrick\kilpase01,SG,52,1,640,294,.452,72,.889,87,46,13,5,38,33,330
274,Sean Kilpatrick\kilpase01,SG,16,0,183,87,.351,19,.947,35,15,2,1,16,8,79
274,Sean Kilpatrick\kilpase01,SG,23,0,205,82,.457,19,.947,25,15,5,1,9,15,93
274,Sean Kilpatrick\kilpase01,SG,4,0,38,18,.472,2,1.000,2,3,0,0,1,2,19
274,Sean Kilpatrick\kilpase01,SG,9,1,214,107,.528,32,.813,25,13,6,3,12,8,139
275,Maxi Kleber\klebima01,PF,72,36,1206,309,.553,59,.746,234,51,26,47,30,114,386
276,Furkan Korkmaz\korkmfu01,SG,14,0,80,28,.375,4,.500,11,4,2,1,2,12,23
277,Luke Kornet\kornelu01,PF,20,1,326,125,.504,11,.727,64,26,6,16,12,28,134
278,Kyle Korver\korveky01,SG,73,4,1574,484,.628,72,.889,165,88,31,27,55,130,672
279,Kosta Koufos\koufoko01,C,71,13,1391,389,.571,74,.446,472,87,47,32,49,146,477
280,Kyle Kuzma\kuzmaky01,PF,77,37,2401,1039,.527,208,.707,483,141,49,34,140,160,1242
281,Mindaugas Kuzminskas\kuzmimi01,SF,1,0,2,2,.000,0,,0,0,0,0,0,0,0
282,Skal Labissiere\labissk01,PF,60,28,1240,458,.467,118,.805,288,72,25,49,73,132,523
283,Jeremy Lamb\lambje01,SG,80,18,1967,832,.513,208,.861,324,186,61,32,93,138,1033
284,Shane Larkin\larkish01,PG,54,2,775,219,.454,37,.865,92,98,29,2,33,58,231
285,Joffrey Lauvergne\lauvejo01,C,55,1,534,190,.516,47,.638,171,41,9,3,33,45,226
286,Zach LaVine\lavinza01,SG,24,24,656,355,.442,107,.813,94,72,24,4,43,55,401
287,Jake Layman\laymaja01,SF,35,1,160,47,.340,3,.667,16,11,6,4,5,13,34
288,T.J. Leaf\leaftj01,PF,53,0,459,136,.537,16,.625,82,9,5,4,10,45,156
289,Courtney Lee\leeco01,SG,76,69,2310,755,.529,124,.919,224,180,80,17,84,109,913
290,Damion Lee\leeda03,SG,15,11,404,152,.457,29,.759,71,29,19,1,14,25,161
291,Walt Lemon Jr.\lemonwa01,PG,5,0,35,16,.469,3,.667,2,5,0,1,4,5,17
292,Alex Len\lenal01,C,69,13,1395,378,.567,231,.684,518,82,27,61,78,158,587
293,Kawhi Leonard\leonaka01,SF,9,9,210,111,.518,38,.816,42,21,18,9,16,9,146
294,Meyers Leonard\leoname01,C,33,2,254,78,.660,11,.818,70,17,7,0,10,36,112
295,Jon Leuer\leuerjo01,PF,8,0,136,36,.417,15,.867,32,5,1,3,7,16,43
296,Caris LeVert\leverca01,SF,71,10,1864,735,.493,187,.711,260,299,82,22,153,159,858
297,DeAndre Liggins\liggide01,SG,58,4,724,106,.467,5,.400,75,48,37,14,20,81,101
297,DeAndre Liggins\liggide01,SG,31,1,480,65,.423,5,.400,49,27,27,10,13,61,57
297,DeAndre Liggins\liggide01,SG,27,3,244,41,.537,0,,26,21,10,4,7,20,44
298,Damian Lillard\lillada01,PG,73,73,2670,1415,.519,538,.916,325,481,77,27,206,117,1962
299,Jeremy Lin\linje01,PG,1,1,25,12,.458,7,1.000,0,4,0,0,3,3,18
300,Shaun Livingston\livinsh01,PG,71,7,1129,343,.501,61,.820,131,140,35,21,58,117,394
301,Kevon Looney\looneke01,C,66,4,910,193,.583,77,.545,215,42,34,56,31,106,267
302,Brook Lopez\lopezbr01,C,74,72,1735,793,.536,158,.703,294,126,30,98,98,195,961
303,Robin Lopez\lopezro01,C,64,64,1690,645,.533,90,.756,290,124,14,53,107,109,756
304,Kevin Love\loveke01,C,59,59,1651,729,.552,266,.880,546,103,43,24,90,120,1039
305,Kyle Lowry\lowryky01,PG,78,78,2510,944,.553,261,.854,434,537,85,19,183,192,1267
306,Timothe Luwawu-Cabarrot\luwawti01,SF,52,7,807,267,.474,58,.793,72,54,12,5,38,97,299
307,Tyler Lydon\lydonty01,PF,1,0,2,0,,0,,0,0,0,0,0,0,0
308,Trey Lyles\lylestr01,PF,73,2,1391,550,.566,143,.706,347,91,30,34,61,111,724
309,Shelvin Mack\macksh01,PG,69,3,1365,414,.488,97,.711,166,272,54,8,89,91,473
310,Josh Magette\magetjo01,PG,18,0,216,46,.413,8,1.000,19,57,8,1,9,16,46
311,Ian Mahinmi\mahinia01,C,77,0,1145,248,.556,128,.703,312,53,38,42,100,230,366
312,Thon Maker\makerth01,C,74,12,1238,316,.460,93,.699,225,46,38,53,44,162,356
313,Boban Marjanovic\marjabo01,C,39,1,337,148,.534,97,.794,144,22,10,11,36,51,235
313,Boban Marjanovic\marjabo01,C,19,1,171,79,.519,45,.800,57,14,4,6,22,28,118
313,Boban Marjanovic\marjabo01,C,20,0,166,69,.551,52,.788,87,8,6,5,14,23,117
314,Lauri Markkanen\markkla01,PF,68,68,2020,862,.518,166,.843,508,79,39,40,83,103,1033
315,Jarell Martin\martija01,PF,73,36,1661,496,.480,116,.767,318,73,39,49,86,211,565
316,Frank Mason\masonfr01,PG,52,2,984,380,.420,115,.817,130,147,34,10,65,72,413
317,Mangok Mathiang\mathima01,C,4,0,20,7,.571,1,.000,10,0,1,0,0,5,8
318,Wesley Matthews\matthwe02,SF,63,62,2131,697,.516,101,.822,198,172,76,16,83,140,802
319,Luc Mbah a Moute\mbahalu01,PF,61,15,1564,345,.572,95,.684,186,55,72,25,68,100,460
320,James Michael McAdoo\mcadoja01,PF,3,0,18,7,.429,2,1.000,2,0,0,1,1,1,8
321,Patrick McCaw\mccawpa01,SG,57,10,961,225,.451,34,.765,82,81,43,10,41,67,229
322,CJ McCollum\mccolcj01,SG,81,81,2923,1505,.506,250,.836,321,272,77,35,151,168,1732
323,T.J. McConnell\mccontj01,PG,76,1,1706,421,.531,39,.795,226,303,92,13,112,122,478
324,Erik McCree\mccreer01,SF,4,0,8,2,.000,0,,1,0,1,0,1,0,0
325,Chris McCullough\mcculch01,PF,19,0,90,42,.440,14,.643,25,4,0,5,2,8,46
326,Doug McDermott\mcderdo01,SF,81,4,1768,508,.557,81,.790,200,79,19,16,56,122,630
326,Doug McDermott\mcderdo01,SF,55,1,1172,328,.541,53,.755,134,50,10,12,34,73,395
326,Doug McDermott\mcderdo01,SF,26,3,596,180,.586,28,.857,66,29,9,4,22,49,235
327,JaVale McGee\mcgeeja01,C,65,17,615,219,.621,52,.731,169,33,21,57,27,91,310
328,Rodney McGruder\mcgruro01,SG,18,2,299,73,.596,8,.500,32,17,8,3,4,21,91
329,Trey McKinney-Jones\mckintr01,SG,1,0,1,0,,0,,0,0,0,0,0,0,0
330,Alfonzo McKinnie\mckinal01,SF,14,0,53,15,.633,3,.667,7,1,1,1,3,8,21
331,Ben McLemore\mclembe01,SG,56,17,1091,373,.495,64,.828,139,51,38,15,61,139,422
332,Josh McRoberts\mcrobjo01,PF,2,0,6,1,.000,0,,0,0,0,0,0,2,0
333,Jodie Meeks\meeksjo01,SG,77,0,1119,393,.491,117,.863,126,70,29,4,37,55,487
334,Salah Mejri\mejrisa01,C,61,1,729,137,.642,66,.576,246,35,22,67,39,121,214
335,Jordan Mickey\mickejo01,PF,23,3,284,82,.488,19,.684,81,9,6,10,18,36,93
336,Khris Middleton\middlkh01,SF,82,82,2982,1272,.524,362,.884,429,328,119,21,191,270,1652
337,C.J. Miles\milescj01,SF,70,3,1337,599,.516,97,.835,152,55,37,21,39,134,699
338,Darius Miller\milleda01,SF,82,3,1944,487,.594,67,.866,164,111,28,17,58,160,637
339,Malcolm Miller\millema01,SF,15,4,126,28,.607,4,1.000,15,3,1,2,5,10,38
340,Patty Mills\millspa02,PG,82,36,2107,682,.523,118,.890,154,229,55,11,106,128,819
341,Paul Millsap\millspa01,PF,38,37,1143,435,.509,161,.696,245,105,39,44,73,99,555
342,Nikola Mirotic\mirotni01,PF,55,14,1494,684,.546,137,.818,405,80,44,39,62,108,859
342,Nikola Mirotic\mirotni01,PF,25,3,622,302,.588,79,.823,159,39,15,13,31,45,420
342,Nikola Mirotic\mirotni01,PF,30,11,872,382,.513,58,.810,246,41,29,26,31,63,439
343,Donovan Mitchell\mitchdo01,SG,79,71,2638,1362,.506,297,.805,296,291,118,27,215,213,1616
344,Naz Mitrou-Long\mitrona01,SG,1,0,1,1,1.500,0,,0,0,0,0,0,0,3
345,Malik Monk\monkma01,SG,63,0,854,425,.458,38,.842,66,91,20,9,49,60,421
346,Greg Monroe\monrogr01,C,51,14,1040,386,.565,119,.739,350,114,44,23,94,95,524
346,Greg Monroe\monrogr01,C,5,0,79,33,.485,4,.500,25,5,0,0,6,7,34
346,Greg Monroe\monrogr01,C,20,14,465,155,.626,46,.674,160,50,16,6,40,40,225
346,Greg Monroe\monrogr01,C,26,0,496,198,.530,69,.797,165,59,28,17,48,48,265
347,Luis Montero\montelu01,SG,2,0,8,1,.000,0,,2,0,0,0,2,0,0
348,Ben Moore\moorebe01,PF,2,0,9,0,,0,,1,1,0,0,0,4,0
349,E'Twaun Moore\mooreet01,SG,82,80,2586,832,.585,68,.706,238,187,79,12,102,182,1022
350,Eric Moreland\moreler01,PF,67,3,805,122,.541,29,.379,278,78,31,51,42,116,143
351,Jaylen Morris\morrija01,SG,6,0,98,32,.438,0,,16,7,2,1,6,2,28
352,Marcus Morris\morrima03,PF,54,21,1447,611,.499,154,.805,289,72,35,12,65,100,734
353,Markieff Morris\morrima02,PF,73,73,1968,687,.536,128,.820,409,142,56,38,127,216,841
354,Monte Morris\morrimo01,PG,3,0,25,6,.667,2,1.000,2,7,3,0,1,1,10
355,Johnathan Motley\motlejo01,PF,11,4,176,75,.540,28,.536,49,7,3,2,9,18,96
356,Timofey Mozgov\mozgoti01,C,31,13,359,93,.581,30,.767,98,11,5,13,33,39,131
357,Emmanuel Mudiay\mudiaem01,PG,64,14,1245,526,.433,129,.760,152,206,41,11,113,80,553
357,Emmanuel Mudiay\mudiaem01,PG,42,0,752,322,.460,78,.808,94,121,21,4,72,47,359
357,Emmanuel Mudiay\mudiaem01,PG,22,14,493,204,.390,51,.686,58,85,20,7,41,33,194
358,Shabazz Muhammad\muhamsh01,SF-SG,43,2,418,188,.465,50,.780,76,14,9,3,6,30,214
358,Shabazz Muhammad\muhamsh01,SF,32,2,301,121,.405,31,.710,45,7,5,2,5,23,120
358,Shabazz Muhammad\muhamsh01,SG,11,0,117,67,.575,19,.895,31,7,4,1,1,7,94
359,Xavier Munford\munfoxa02,SG,6,0,21,6,.167,2,.500,1,4,1,0,2,4,3
360,Dejounte Murray\murrade01,PG,81,48,1743,609,.451,148,.709,459,231,97,31,134,151,654
361,Jamal Murray\murraja01,PG,81,80,2565,1062,.529,253,.905,297,274,79,28,172,173,1352
362,Mike Muscala\muscami01,C,53,7,1060,312,.558,62,.919,230,51,31,27,42,80,405
363,Abdel Nader\naderab01,SF,48,1,522,149,.413,39,.590,71,26,15,10,34,45,146
364,Larry Nance\nancela02,C,66,27,1421,413,.584,137,.664,452,82,88,38,51,172,573
364,Larry Nance\nancela02,C,42,17,922,253,.603,87,.632,284,57,59,20,41,113,360
364,Larry Nance\nancela02,C,24,10,499,160,.553,50,.720,168,25,29,18,10,59,213
365,Shabazz Napier\napiesh01,PG,74,10,1535,531,.497,138,.841,170,150,81,14,90,84,644
366,Jameer Nelson\nelsoja01,PG,50,0,1013,244,.473,20,.800,104,179,27,4,67,81,247
366,Jameer Nelson\nelsoja01,PG,43,0,897,205,.507,17,.765,96,156,23,3,56,67,221
366,Jameer Nelson\nelsoja01,PG,7,0,116,39,.295,3,1.000,8,23,4,1,11,14,26
367,Raul Neto\netora01,PG,41,0,498,151,.520,35,.743,49,75,13,4,36,38,183
368,Georges Niang\niangge01,PF,9,0,32,11,.364,2,.500,9,3,2,0,3,1,9
369,Joakim Noah\noahjo01,C,7,0,40,10,.500,4,.500,14,4,2,2,4,5,12
370,Nerlens Noel\noelne01,C,30,6,472,105,.524,28,.750,168,20,31,22,26,59,131
371,Lucas Nogueira\noguelu01,C,49,3,418,80,.644,28,.679,87,22,23,43,16,49,122
372,Dirk Nowitzki\nowitdi01,C,77,77,1900,758,.547,108,.898,438,120,43,45,51,146,927
373,Frank Ntilikina\ntilila01,PG,78,9,1706,500,.414,68,.721,177,250,65,18,131,181,463
374,Jusuf Nurkic\nurkiju01,C,79,79,2088,951,.505,273,.630,708,143,64,111,183,247,1132
375,David Nwaba\nwabada01,SG,70,21,1646,423,.499,203,.655,326,104,59,29,77,158,555
376,Johnny O'Bryant\obryajo01,PF,36,0,379,171,.439,25,.840,93,14,9,6,15,45,171
377,Royce O'Neale\onealro01,SF,69,4,1150,284,.496,76,.803,236,95,36,16,55,105,343
378,Kyle O'Quinn\oquinky01,C,77,10,1387,384,.589,127,.772,470,158,36,98,100,192,550
379,Semi Ojeleye\ojelese01,PF,73,0,1150,188,.452,41,.610,161,20,21,4,25,91,195
380,Emeka Okafor\okafoem01,C,26,19,353,95,.505,22,.818,120,8,8,25,13,30,114
381,Jahlil Okafor\okafoja01,C,28,0,353,138,.562,29,.724,85,12,3,18,21,51,176
381,Jahlil Okafor\okafoja01,C,2,0,25,9,.444,4,.500,9,1,0,2,3,7,10
381,Jahlil Okafor\okafoja01,C,26,0,328,129,.570,25,.760,76,11,3,16,18,44,166
382,Victor Oladipo\oladivi01,SG,75,75,2552,1342,.537,368,.799,390,323,177,57,219,175,1735
383,Kelly Olynyk\olynyke01,PF,76,22,1779,636,.580,174,.770,431,207,62,35,147,222,872
384,Chinanu Onuaku\onuakch01,C,1,0,22,5,.400,0,,4,1,0,0,3,4,4
385,Cedi Osman\osmande01,SF,61,12,672,186,.570,46,.565,120,41,22,3,32,78,238
386,Kelly Oubre\oubreke01,SF,81,11,2231,790,.482,233,.820,363,98,80,35,90,234,953
387,Zaza Pachulia\pachuza01,C,69,57,972,264,.564,93,.806,321,109,38,17,72,122,373
388,Marcus Paige\paigema01,PG,5,0,28,14,.357,2,1.000,4,3,0,0,0,0,12
389,Georgios Papagiannis\papagge01,C,17,0,122,42,.429,0,,37,9,4,6,8,12,36
389,Georgios Papagiannis\papagge01,C,16,0,118,41,.415,0,,36,9,2,6,8,12,34
389,Georgios Papagiannis\papagge01,C,1,0,4,1,1.000,0,,1,0,2,0,0,0,2
390,Jabari Parker\parkeja01,PF,31,3,743,332,.529,54,.741,151,59,25,10,45,50,391
391,Tony Parker\parketo01,PG,55,21,1071,388,.472,78,.705,95,195,28,1,68,52,421
392,Chandler Parsons\parsoch01,SF,36,8,691,234,.571,27,.630,90,69,18,11,35,53,284
393,Patrick Patterson\pattepa01,PF,82,3,1270,266,.523,46,.870,193,57,48,23,33,87,318
394,Justin Patton\pattoju01,C,1,0,4,2,.500,0,,0,0,1,0,0,1,2
395,Brandon Paul\paulbr01,SG,64,2,576,127,.492,43,.512,68,37,25,7,29,58,147
396,Chris Paul\paulch01,PG,58,58,1847,798,.550,221,.919,313,457,96,14,128,141,1081
397,Adreian Payne\paynead01,PF,5,0,43,10,.800,6,.833,9,0,2,0,2,6,21
398,Cameron Payne\payneca01,PG,25,14,582,215,.486,16,.750,69,113,26,9,36,44,221
399,Elfrid Payton\paytoel01,PG,63,63,1808,667,.516,168,.649,274,393,83,22,168,147,797
399,Elfrid Payton\paytoel01,PG,44,44,1257,458,.547,114,.632,174,275,64,16,114,97,573
399,Elfrid Payton\paytoel01,PG,19,19,551,209,.447,54,.685,100,118,19,6,54,50,224
400,Gary Payton\paytoga02,PG,23,6,221,74,.446,9,.333,44,21,7,3,7,30,69
400,Gary Payton\paytoga02,PG,12,6,106,33,.424,3,.667,17,9,3,1,3,17,30
400,Gary Payton\paytoga02,PG,11,0,115,41,.463,6,.167,27,12,4,2,4,13,39
401,Kendrick Perkins\perkike01,C,1,0,15,2,.500,2,.500,1,2,1,0,1,1,3
402,London Perrantes\perralo01,PG,14,0,66,13,.154,5,.600,4,5,2,1,1,6,7
403,Alec Peters\peteral01,PF,20,0,225,74,.500,10,.800,37,12,2,2,4,13,82
404,Marshall Plumlee\plumlma02,C,8,0,52,3,.333,16,.750,17,2,0,1,3,10,14
405,Mason Plumlee\plumlma01,C,74,26,1439,368,.601,179,.458,400,142,49,81,103,184,524
406,Miles Plumlee\plumlmi01,C,55,35,918,180,.583,60,.450,228,45,17,30,63,79,237
407,Jakob Poeltl\poeltja01,C,82,0,1524,384,.660,101,.594,393,57,39,100,85,212,567
408,Quincy Pondexter\pondequ01,SF,23,1,196,49,.316,17,.824,27,9,8,2,11,24,45
409,Otto Porter\porteot01,SF,77,77,2432,885,.581,128,.828,492,157,116,41,75,151,1134
410,Bobby Portis\portibo01,PF,73,4,1643,811,.520,156,.769,498,123,50,23,103,130,964
411,Kristaps Porzingis\porzikr01,PF,48,48,1553,889,.489,275,.793,316,57,36,115,93,141,1088
412,Dwight Powell\poweldw01,C,79,25,1672,430,.626,185,.719,444,91,67,32,59,186,671
413,Norman Powell\powelno01,SG,70,18,1062,374,.472,39,.821,119,89,37,16,66,111,385
414,Alex Poythress\poythal01,PF,25,0,104,26,.500,0,,17,2,3,1,2,16,26
415,Jacob Pullen\pulleja01,PG,3,0,6,2,.500,0,,0,0,0,0,1,0,2
416,Rodney Purvis\purviro01,SG,16,2,290,107,.388,15,.867,27,17,3,3,10,26,96
417,Zhou Qi\qizh01,C,18,0,124,32,.219,12,.667,22,2,2,14,10,14,22
418,Tim Quarterman\quartti01,SG,3,0,13,3,.333,2,1.000,3,1,0,0,2,1,4
419,Ivan Rabb\rabbiv01,PF,36,5,516,152,.566,36,.806,158,32,12,13,35,55,201
420,Julius Randle\randlju01,C,82,49,2190,904,.563,425,.718,654,210,43,45,213,274,1323
421,Zach Randolph\randoza01,PF,59,57,1508,763,.507,107,.785,397,127,42,10,116,119,857
422,Xavier Rathan-Mayes\rathaxa01,SG,5,0,118,42,.298,9,.444,5,18,6,3,11,18,29
423,J.J. Redick\redicjj01,SG,70,70,2116,879,.569,218,.904,178,210,35,6,103,123,1198
424,Davon Reed\reedda01,SG,21,1,242,76,.362,12,.667,39,13,10,2,10,17,63
425,Willie Reed\reedwi02,C,42,5,428,121,.674,55,.582,121,10,9,22,19,56,195
425,Willie Reed\reedwi02,C,39,5,419,120,.671,55,.582,120,9,9,22,19,53,193
425,Willie Reed\reedwi02,C,3,0,9,1,1.000,0,,1,1,0,0,0,3,2
426,Josh Richardson\richajo01,SF,81,81,2689,885,.523,142,.845,285,231,121,75,140,199,1045
427,Malachi Richardson\richama01,SG,26,4,324,90,.400,22,.773,34,13,10,1,10,27,89
427,Malachi Richardson\richama01,SG,25,4,319,88,.398,22,.773,33,13,10,1,10,27,87
427,Malachi Richardson\richama01,SG,1,0,5,2,.500,0,,1,0,0,0,0,0,2
428,Austin Rivers\riverau01,SG,61,59,2057,805,.508,159,.642,145,242,74,16,109,152,920
429,Andre Roberson\roberan03,SG,39,39,1037,162,.562,38,.316,185,46,45,35,30,89,194
430,Devin Robinson\robinde01,SF,1,0,13,3,.333,0,,5,0,1,0,0,2,2
431,Glenn Robinson\robingl02,SF,23,1,338,85,.506,11,.818,37,17,13,1,5,14,95
432,Rajon Rondo\rondora01,PG,65,63,1705,494,.518,46,.543,263,533,70,10,151,119,537
433,Derrick Rose\rosede01,PG,25,7,420,186,.454,46,.870,35,37,7,4,35,16,209
433,Derrick Rose\rosede01,PG,16,7,308,132,.462,41,.854,29,26,3,4,28,14,157
433,Derrick Rose\rosede01,PG,9,0,112,54,.435,5,1.000,6,11,4,0,7,2,52
434,Terrence Ross\rosste01,SG,24,20,600,191,.476,36,.750,73,38,27,11,29,45,209
435,Terry Rozier\roziete01,PG,80,16,2068,800,.491,149,.772,376,232,80,19,80,123,900
436,Ricky Rubio\rubiori01,PG,77,77,2254,827,.476,254,.866,351,410,121,11,207,206,1008
437,D'Angelo Russell\russeda01,PG,48,35,1234,672,.481,131,.740,189,249,36,17,147,93,743
438,Domantas Sabonis\sabondo01,C,74,19,1810,661,.524,224,.750,572,151,40,32,137,220,861
439,JaKarr Sampson\sampsja02,SF,22,6,344,81,.574,16,.625,78,9,8,22,8,48,103
440,Dario Saric\saricda01,PF,78,73,2310,890,.541,207,.860,520,202,51,20,148,160,1141
441,Tomas Satoransky\satorto01,SG,73,30,1643,384,.585,96,.781,233,286,52,15,83,131,524
442,Dennis Schroder\schrode01,PG,67,67,2078,1146,.469,265,.849,208,417,72,6,183,147,1301
443,Mike Scott\scottmi01,PF,76,1,1406,524,.590,76,.658,247,80,23,10,79,148,668
444,Thabo Sefolosha\sefolth01,SF,38,6,806,240,.558,54,.815,161,33,52,12,30,59,312
445,Wayne Selden\seldewa01,SG,35,9,692,269,.522,59,.746,56,66,18,5,54,59,325
446,Ramon Sessions\sessira01,PG,28,3,392,117,.393,57,.772,38,77,14,2,30,29,136
446,Ramon Sessions\sessira01,PG,13,3,167,53,.340,15,.800,18,27,7,1,15,14,48
446,Ramon Sessions\sessira01,PG,15,0,225,64,.438,42,.762,20,50,7,1,15,15,88
447,Iman Shumpert\shumpim01,SG,14,6,276,58,.440,15,.733,41,17,9,4,16,22,62
448,Pascal Siakam\siakapa01,PF,81,5,1679,498,.537,87,.621,364,159,62,42,67,166,589
449,Xavier Silas\silasxa01,SG,2,0,7,3,.000,0,,2,0,1,0,0,1,0
450,Ben Simmons\simmobe01,PG,81,81,2732,998,.545,341,.560,659,661,140,70,278,211,1279
451,Jonathon Simmons\simmojo02,SG,69,50,2029,761,.511,241,.768,239,171,58,16,146,175,962
452,Kobi Simmons\simmoko01,PG,32,12,643,189,.452,25,1.000,50,68,18,5,44,61,196
453,Kyle Singler\singlky01,SF,12,0,59,21,.381,13,.538,10,2,1,0,3,4,23
454,Marcus Smart\smartma01,SG,54,11,1614,515,.440,133,.729,189,259,71,23,129,133,550
455,Dennis Smith\smithde03,PG,69,69,2049,1024,.446,193,.694,260,358,71,18,194,152,1048
456,Ish Smith\smithis01,PG,82,35,2043,801,.507,116,.698,224,360,64,20,108,140,894
457,J.R. Smith\smithjr01,SG,80,61,2244,595,.524,56,.696,235,141,68,11,81,161,662
458,Jason Smith\smithja02,C,33,2,285,115,.409,21,.905,53,14,3,13,16,44,113
459,Josh Smith\smithjo03,PF,3,0,12,4,.250,0,,4,0,0,0,0,3,2
460,Tony Snell\snellto01,SG,75,59,2053,425,.562,48,.792,141,98,47,28,36,115,516
461,Marreese Speights\speigma01,C,52,3,675,349,.519,55,.727,133,40,8,22,40,106,402
462,Nik Stauskas\stausni01,SG,41,0,523,154,.519,29,.724,64,39,9,4,26,24,181
462,Nik Stauskas\stausni01,SG,6,0,45,4,.250,2,1.000,1,1,4,0,4,3,4
462,Nik Stauskas\stausni01,SG,35,0,478,150,.527,27,.704,63,38,5,4,22,21,177
463,Lance Stephenson\stephla01,SG,82,7,1850,709,.475,127,.661,424,235,46,17,131,177,757
464,David Stockton\stockda01,PG,3,0,9,3,1.000,4,1.000,0,0,0,0,1,3,10
465,Julyan Stone\stoneju01,SG,23,0,175,13,.692,2,.500,29,26,4,2,7,21,19
466,Edmond Sumner\sumneed01,PG,1,0,2,1,1.000,0,,1,0,0,0,0,1,2
467,Caleb Swanigan\swanica01,PF,27,3,189,60,.408,18,.667,54,14,5,3,18,37,61
468,Jayson Tatum\tatumja01,SF,80,80,2438,835,.538,258,.826,402,128,83,58,114,170,1112
469,Isaiah Taylor\taylois01,PG,67,9,1167,390,.444,141,.702,94,206,34,10,84,116,445
470,Jeff Teague\teaguje01,PG,70,70,2311,794,.499,239,.845,209,492,102,23,177,171,994
471,Marquis Teague\teaguma01,PG,3,0,74,16,.281,5,.400,6,13,4,0,3,5,11
472,Mirza Teletovic\teletmi01,PF,10,0,159,57,.623,0,,23,10,4,1,7,14,71
473,Garrett Temple\templga01,SG,65,35,1615,476,.512,78,.769,152,124,57,27,79,135,547
474,Milos Teodosic\teodomi01,PG,45,36,1134,360,.542,46,.848,126,209,23,5,97,103,429
475,Jason Terry\terryja01,SG,51,4,814,154,.513,9,.889,48,59,42,13,25,52,166
476,Daniel Theis\theisda01,C,63,3,936,233,.579,81,.753,274,56,30,48,56,157,331
477,Isaiah Thomas\thomais02,PG,32,15,862,421,.438,131,.893,67,153,15,3,95,58,486
477,Isaiah Thomas\thomais02,PG,15,14,406,194,.418,68,.868,31,68,9,2,41,25,221
477,Isaiah Thomas\thomais02,PG,17,1,456,227,.456,63,.921,36,85,6,1,54,33,265
478,Lance Thomas\thomala01,PF,73,31,1353,267,.476,53,.830,175,44,30,14,40,134,298
479,Klay Thompson\thompkl01,SG,73,73,2506,1179,.585,98,.837,277,185,55,34,128,117,1461
480,Tristan Thompson\thomptr01,C,53,22,1072,235,.562,79,.544,352,33,16,17,36,102,307
481,Sindarius Thornwell\thornsi01,SG,73,17,1156,233,.479,88,.670,140,68,48,25,53,125,282
482,Anthony Tolliver\tollian01,PF,79,14,1757,472,.632,133,.797,241,90,32,21,58,144,703
483,Karl-Anthony Towns\townska01,C,82,82,2918,1172,.596,402,.858,1012,199,64,115,159,285,1743
484,P.J. Tucker\tuckepj01,PF,82,34,2281,441,.520,60,.717,457,77,78,26,74,205,502
485,Evan Turner\turneev01,SF,79,40,2034,577,.484,107,.850,244,173,47,29,99,163,649
486,Myles Turner\turnemy01,C,65,62,1836,639,.523,206,.777,417,87,38,118,96,186,828
487,Ekpe Udoh\udohek01,C,63,3,810,120,.500,56,.750,150,53,43,74,20,105,162
488,Tyler Ulis\ulisty01,PG,71,43,1658,551,.426,101,.832,128,311,70,7,127,120,554
489,Jonas Valanciunas\valanjo01,C,77,77,1727,687,.590,211,.806,660,81,29,69,115,192,980
490,Denzel Valentine\valende01,SG,77,37,2095,721,.517,51,.745,393,244,65,11,99,185,783
491,Fred VanVleet\vanvlfr01,PG,76,0,1520,545,.525,101,.832,184,243,68,19,74,130,656
492,Rashad Vaughn\vaughra01,SG,28,0,212,56,.536,6,.667,21,13,5,3,6,15,64
492,Rashad Vaughn\vaughra01,SG,22,0,173,50,.550,6,.667,17,12,4,3,4,12,59
492,Rashad Vaughn\vaughra01,SG,1,0,4,0,,0,,0,1,0,0,0,1,0
492,Rashad Vaughn\vaughra01,SG,5,0,35,6,.417,0,,4,0,1,0,2,2,5
493,Noah Vonleh\vonleno01,PF,54,16,875,234,.487,58,.621,311,34,19,17,31,68,264
493,Noah Vonleh\vonleno01,PF,33,12,476,96,.500,31,.742,167,13,6,11,15,42,119
493,Noah Vonleh\vonleno01,PF,21,4,399,138,.478,27,.481,144,21,13,6,16,26,145
494,Nikola Vucevic\vucevni01,C,57,57,1683,840,.513,94,.819,523,191,56,62,109,144,939
495,Dwyane Wade\wadedw01,SG,67,3,1536,682,.462,189,.714,252,228,61,47,140,124,765
495,Dwyane Wade\wadedw01,SG,46,3,1069,435,.482,134,.701,181,163,42,32,92,84,513
495,Dwyane Wade\wadedw01,SG,21,0,467,247,.427,55,.745,71,65,19,15,48,40,252
496,Dion Waiters\waitedi01,SG,30,30,918,410,.461,69,.739,77,113,23,9,70,61,429
497,Kemba Walker\walkeke02,PG,80,80,2736,1363,.516,420,.864,248,444,91,24,179,98,1770
498,John Wall\walljo01,PG,41,41,1410,667,.466,241,.726,150,393,57,45,158,80,797
499,Tyrone Wallace\wallaty01,PG,30,19,851,247,.466,78,.782,105,71,27,13,46,83,291
500,Taurean Waller-Prince\princta02,SF,82,82,2464,975,.516,180,.844,389,214,85,42,191,168,1158
501,Derrick Walton\waltode01,PG,16,0,147,25,.460,6,1.000,16,16,7,3,2,7,29
502,Jameel Warney\warneja01,PF,3,0,27,12,.583,5,.600,9,0,0,0,1,2,17
503,T.J. Warren\warretj01,SF,65,65,2142,1063,.507,255,.757,333,85,65,41,85,149,1271
504,Travis Wear\weartr01,SF,17,0,228,72,.465,8,1.000,38,7,4,5,6,30,75
505,James Webb\webbja01,SF,10,0,120,24,.333,0,,24,4,1,0,4,10,16
506,Briante Weber\weberbr01,PG,18,0,237,43,.488,10,.800,35,22,18,5,15,28,50
506,Briante Weber\weberbr01,PG,13,0,118,22,.500,4,1.000,18,13,10,3,7,18,26
506,Briante Weber\weberbr01,PG,5,0,119,21,.476,6,.667,17,9,8,2,8,10,24
507,David West\westda01,C,73,0,999,378,.575,79,.759,238,138,47,75,80,120,495
508,Russell Westbrook\westbru01,PG,80,80,2914,1687,.477,566,.737,804,820,147,20,381,200,2028
509,Andrew White\whitean01,SF,15,0,209,73,.466,4,.250,34,6,3,1,8,12,69
510,Derrick White\whitede01,PG,17,0,139,33,.606,20,.700,26,9,4,3,6,8,54
511,Okaro White\whiteok01,PF,6,4,80,16,.563,3,.667,11,2,1,1,1,6,20
512,Isaiah Whitehead\whiteis01,PG,16,0,180,86,.506,19,.684,26,20,8,2,24,23,100
513,Hassan Whiteside\whiteha01,C,54,54,1364,578,.542,182,.703,618,54,37,94,92,131,754
514,Andrew Wiggins\wiggian01,SF,82,82,2979,1300,.481,314,.643,358,160,91,51,138,163,1452
515,Jacob Wiley\wileyja01,PF,5,0,33,4,.375,2,.500,11,2,1,0,0,4,4
516,Damien Wilkins\wilkida02,SF,19,1,152,39,.385,4,.750,16,9,2,1,5,7,33
517,Alan Williams\willial03,PF,5,0,70,18,.389,9,.667,22,8,5,1,7,13,20
518,C.J. Williams\willicj01,SG,38,17,707,197,.497,16,.813,56,43,31,13,20,63,209
519,Derrick Williams\willide02,PF,2,0,9,4,.250,0,,1,0,0,0,0,0,2
520,Lou Williams\willilo02,SG,79,19,2589,1337,.505,491,.880,198,417,85,19,234,106,1782
521,Marvin Williams\willima02,PF,78,78,2006,563,.570,123,.829,370,96,56,38,66,116,744
522,Matt Williams\willima05,SG,3,0,11,6,.417,0,,1,0,0,0,1,1,5
523,Troy Williams\willitr02,SF,21,1,307,109,.518,30,.667,63,16,20,4,19,34,133
523,Troy Williams\willitr02,SF,4,0,17,9,.222,3,.333,4,1,1,0,1,2,5
523,Troy Williams\willitr02,SF,17,1,290,100,.545,27,.704,59,15,19,4,18,32,128
524,D.J. Wilson\wilsodj01,PF,22,0,71,16,.625,2,.500,10,3,3,1,4,7,21
525,Jamil Wilson\wilsoja02,SF,15,10,274,81,.636,4,.500,32,10,5,8,8,34,105
526,Justise Winslow\winslju01,PF,68,25,1680,488,.474,104,.635,370,148,54,33,77,140,529
527,Jeff Withey\witheje01,C,9,0,39,16,.438,2,.500,10,0,0,3,2,3,15
528,Nate Wolters\woltena01,PG,5,0,19,6,.167,0,,2,1,0,0,0,1,2
529,Brandan Wright\wrighbr03,PF,28,1,381,102,.578,33,.636,95,13,13,26,8,32,139
529,Brandan Wright\wrighbr03,PF,27,1,366,99,.576,33,.636,93,13,13,25,8,29,135
529,Brandan Wright\wrighbr03,PF,1,0,15,3,.667,0,,2,0,0,1,0,3,4
530,Delon Wright\wrighde01,PG,69,4,1433,432,.530,117,.829,198,200,72,33,78,81,555
531,Guerschon Yabusele\yabusgu01,PF,33,4,235,61,.525,22,.682,52,16,4,5,12,23,79
532,James Young\youngja01,SG,6,0,61,14,.464,6,.667,2,2,0,0,1,4,17
533,Joe Young\youngjo01,PG,53,1,558,186,.497,29,.759,63,39,14,1,26,39,207
534,Nick Young\youngni01,SG,80,8,1393,488,.538,65,.862,125,36,38,7,39,100,581
535,Thaddeus Young\youngth01,PF,81,81,2607,864,.521,92,.598,512,152,135,36,105,175,955
536,Cody Zeller\zelleco01,C,33,0,627,156,.551,85,.718,177,31,14,21,33,81,233
537,Tyler Zeller\zellety01,C,66,34,1109,334,.575,79,.722,305,47,15,35,47,126,441
537,Tyler Zeller\zellety01,C,42,33,703,229,.568,60,.667,194,28,8,21,35,78,300
537,Tyler Zeller\zellety01,C,24,1,406,105,.590,19,.895,111,19,7,14,12,48,141
538,Paul Zipser\zipsepa01,SF,54,12,824,234,.425,25,.760,131,46,20,15,43,86,218
539,Ante Zizic\zizican01,C,32,2,214,67,.731,29,.724,60,5,2,13,11,30,119
540,Ivica Zubac\zubaciv01,C,43,0,410,122,.500,51,.765,123,25,8,15,26,47,161


Provided by <a href="https://www.sports-reference.com/sharing.html?utm_source=direct&utm_medium=Share&utm_campaign=ShareTool">Basketball-Reference.com</a>: <a href="https://www.basketball-reference.com/leagues/NBA_2018_totals.html?sr&utm_source=direct&utm_medium=Share&utm_campaign=ShareTool#totals_stats">View Original Table</a><br>Generated 12/6/2018.